2-subalongado
0.4203124940395355 0.2718749940395355
0.4203124940395355 0.27656251192092896
0.41718751192092896 0.2796874940395355
0.4156250059604645 0.2796874940395355
0.4140625 0.28125
0.41093748807907104 0.28125
0.40937501192092896 0.2828125059604645
0.4078125059604645 0.2828125059604645
0.40625 0.28437501192092896
0.4046874940395355 0.28437501192092896
0.40312498807907104 0.28593748807907104
0.40156251192092896 0.28593748807907104
0.4000000059604645 0.2874999940395355
0.3984375 0.2874999940395355
0.3968749940395355 0.2890625
0.39531248807907104 0.2890625
0.39531248807907104 0.2906250059604645
0.3828125 0.3031249940395355
0.3828125 0.3046875
0.3812499940395355 0.3062500059604645
0.3812499940395355 0.30781251192092896
0.37968748807907104 0.30937498807907104
0.37968748807907104 0.3109374940395355
0.3765625059604645 0.3140625059604645
0.3765625059604645 0.31718748807907104
0.375 0.3187499940395355
0.375 0.3203125
0.3734374940395355 0.3218750059604645
0.3734374940395355 0.32343751192092896
0.37187498807907104 0.32499998807907104
0.37187498807907104 0.3265624940395355
0.3687500059604645 0.3296875059604645
0.3687500059604645 0.33125001192092896
0.3656249940395355 0.3343749940395355
0.3656249940395355 0.3359375
0.36250001192092896 0.33906251192092896
0.36250001192092896 0.34062498807907104
0.3609375059604645 0.3421874940395355
0.3609375059604645 0.34375
0.3515625 0.3531250059604645
0.3499999940395355 0.3531250059604645
0.34687501192092896 0.35624998807907104
0.3453125059604645 0.35624998807907104
0.34375 0.3578124940395355
0.3421874940395355 0.3578124940395355
0.3375000059604645 0.36250001192092896
0.3359375 0.36250001192092896
0.33281248807907104 0.3656249940395355
0.33125001192092896 0.3656249940395355
0.3296875059604645 0.3671875
0.328125 0.3671875
0.3265624940395355 0.3687500059604645
0.32499998807907104 0.3687500059604645
0.3203125 0.3734374940395355
0.3187499940395355 0.3734374940395355
0.31718748807907104 0.375
0.31562501192092896 0.375
0.3140625059604645 0.3765625059604645
0.3125 0.3765625059604645
0.3109374940395355 0.37812501192092896
0.30937498807907104 0.37812501192092896
0.30781251192092896 0.37968748807907104
0.3062500059604645 0.37968748807907104
0.3046875 0.3812499940395355
0.3031249940395355 0.3812499940395355
0.30156248807907104 0.3828125
0.30000001192092896 0.3828125
0.2984375059604645 0.3843750059604645
0.296875 0.3843750059604645
0.296875 0.38593751192092896
0.2953124940395355 0.38749998807907104
0.2953124940395355 0.3890624940395355
0.29218751192092896 0.3921875059604645
0.29218751192092896 0.39375001192092896
0.2906250059604645 0.39531248807907104
0.2906250059604645 0.3968749940395355
0.2890625 0.3984375
0.2890625 0.4000000059604645
0.2874999940395355 0.40156251192092896
0.2874999940395355 0.4078125059604645
0.28593748807907104 0.40937501192092896
0.28593748807907104 0.4140625
0.28437501192092896 0.4156250059604645
0.28437501192092896 0.41718751192092896
0.2828125059604645 0.41874998807907104
0.27812498807907104 0.41874998807907104
0.27812498807907104 0.48124998807907104
0.2828125059604645 0.48124998807907104
0.28437501192092896 0.4828124940395355
0.28437501192092896 0.484375
0.28593748807907104 0.4859375059604645
0.28593748807907104 0.48906248807907104
0.2874999940395355 0.4906249940395355
0.2874999940395355 0.4921875
0.2890625 0.4937500059604645
0.2890625 0.49531251192092896
0.29218751192092896 0.4984374940395355
0.29218751192092896 0.5
0.29374998807907104 0.5
0.2984375059604645 0.504687488079071
0.30000001192092896 0.504687488079071
0.30781251192092896 0.512499988079071
0.30937498807907104 0.512499988079071
0.3125 0.515625
0.3140625059604645 0.515625
0.31718748807907104 0.518750011920929
0.31718748807907104 0.520312488079071
0.3187499940395355 0.520312488079071
0.32343751192092896 0.5249999761581421
0.32343751192092896 0.526562511920929
0.33125001192092896 0.534375011920929
0.33125001192092896 0.535937488079071
0.3359375 0.5406249761581421
0.3359375 0.542187511920929
0.34062498807907104 0.546875
0.34062498807907104 0.5484374761581421
0.34687501192092896 0.5546875
0.34843748807907104 0.5546875
0.35468751192092896 0.5609375238418579
0.35624998807907104 0.5609375238418579
0.359375 0.5640624761581421
0.3609375059604645 0.5640624761581421
0.37031251192092896 0.573437511920929
0.37187498807907104 0.573437511920929
0.3984375 0.6000000238418579
0.3984375 0.6015625
0.4046874940395355 0.6078125238418579
0.4046874940395355 0.609375
0.41718751192092896 0.621874988079071
0.41874998807907104 0.621874988079071
0.421875 0.625
0.4234375059604645 0.625
0.42500001192092896 0.6265624761581421
0.42656248807907104 0.6265624761581421
0.4312500059604645 0.6312500238418579
0.43281251192092896 0.6312500238418579
0.43437498807907104 0.6328125
0.4359374940395355 0.6328125
0.4375 0.6343749761581421
0.4390625059604645 0.6343749761581421
0.44062501192092896 0.635937511920929
0.44218748807907104 0.635937511920929
0.4437499940395355 0.637499988079071
0.4453125 0.637499988079071
0.44999998807907104 0.6421874761581421
0.4515624940395355 0.6421874761581421
0.45625001192092896 0.6468750238418579
0.45625001192092896 0.6484375
0.45781248807907104 0.6484375
0.47187501192092896 0.6625000238418579
0.47343748807907104 0.6625000238418579
0.4906249940395355 0.6796875
0.4921875 0.6796875
0.510937511920929 0.698437511920929
0.512499988079071 0.698437511920929
0.515625 0.7015625238418579
0.5171874761581421 0.7015625238418579
0.518750011920929 0.703125
0.520312488079071 0.703125
0.5234375 0.706250011920929
0.5249999761581421 0.706250011920929
0.526562511920929 0.707812488079071
0.528124988079071 0.707812488079071
0.5296875238418579 0.7093750238418579
0.53125 0.7093750238418579
0.5328124761581421 0.7109375
0.534375011920929 0.7109375
0.5375000238418579 0.714062511920929
0.5390625 0.714062511920929
0.543749988079071 0.71875
0.5453125238418579 0.71875
0.5484374761581421 0.721875011920929
0.5484374761581421 0.7265625
0.5609375238418579 0.7265625
0.5609375238418579 0.721875011920929
0.5625 0.7203124761581421
0.5640624761581421 0.7203124761581421
0.565625011920929 0.71875
0.567187488079071 0.71875
0.574999988079071 0.7109375
0.574999988079071 0.7093750238418579
0.5765625238418579 0.707812488079071
0.5765625238418579 0.7046874761581421
0.578125 0.703125
0.578125 0.699999988079071
0.5796874761581421 0.698437511920929
0.5796874761581421 0.6953125
0.581250011920929 0.6937500238418579
0.581250011920929 0.6875
0.582812488079071 0.6859375238418579
0.582812488079071 0.676562488079071
0.5843750238418579 0.675000011920929
0.5843750238418579 0.668749988079071
0.5859375 0.667187511920929
0.5859375 0.659375011920929
0.5874999761581421 0.6578124761581421
0.5874999761581421 0.651562511920929
0.589062511920929 0.6499999761581421
0.589062511920929 0.6468750238418579
0.590624988079071 0.645312488079071
0.590624988079071 0.6390625238418579
0.5921875238418579 0.637499988079071
0.5921875238418579 0.6328125
0.59375 0.6312500238418579
0.59375 0.628125011920929
0.5953124761581421 0.6265624761581421
0.5953124761581421 0.625
0.596875011920929 0.6234375238418579
0.596875011920929 0.621874988079071
0.598437488079071 0.620312511920929
0.598437488079071 0.6187499761581421
0.6015625 0.6156250238418579
0.6015625 0.614062488079071
0.606249988079071 0.609375
0.606249988079071 0.6078125238418579
0.6078125238418579 0.606249988079071
0.6078125238418579 0.604687511920929
0.609375 0.6031249761581421
0.609375 0.6015625
0.6109374761581421 0.6000000238418579
0.6109374761581421 0.598437488079071
0.614062488079071 0.5953124761581421
0.614062488079071 0.5921875238418579
0.6156250238418579 0.590624988079071
0.6156250238418579 0.5874999761581421
0.6171875 0.5859375
0.6171875 0.5843750238418579
0.6187499761581421 0.582812488079071
0.6187499761581421 0.5796874761581421
0.620312511920929 0.578125
0.620312511920929 0.574999988079071
0.621874988079071 0.573437511920929
0.621874988079071 0.5687500238418579
0.6234375238418579 0.567187488079071
0.6234375238418579 0.5640624761581421
0.625 0.5625
0.625 0.559374988079071
0.6265624761581421 0.557812511920929
0.6265624761581421 0.5546875
0.628125011920929 0.5531250238418579
0.6328125 0.5531250238418579
0.6328125 0.528124988079071
0.628125011920929 0.528124988079071
0.625 0.5249999761581421
0.625 0.5218750238418579
0.6234375238418579 0.520312488079071
0.6234375238418579 0.512499988079071
0.621874988079071 0.510937511920929
0.621874988079071 0.5062500238418579
0.620312511920929 0.504687488079071
0.620312511920929 0.5015624761581421
0.6187499761581421 0.5
0.6187499761581421 0.48124998807907104
0.6171875 0.47968751192092896
0.6171875 0.47343748807907104
0.6156250238418579 0.47187501192092896
0.6156250238418579 0.46875
0.614062488079071 0.4671874940395355
0.614062488079071 0.46562498807907104
0.612500011920929 0.46406251192092896
0.612500011920929 0.4625000059604645
0.6109374761581421 0.4609375
0.6109374761581421 0.4593749940395355
0.609375 0.45781248807907104
0.609375 0.4546875059604645
0.6078125238418579 0.453125
0.6078125238418579 0.4515624940395355
0.606249988079071 0.44999998807907104
0.606249988079071 0.4468750059604645
0.604687511920929 0.4453125
0.604687511920929 0.4437499940395355
0.6031249761581421 0.44218748807907104
0.6031249761581421 0.44062501192092896
0.6000000238418579 0.4375
0.6000000238418579 0.4359374940395355
0.596875011920929 0.43281251192092896
0.596875011920929 0.4312500059604645
0.59375 0.4281249940395355
0.59375 0.42656248807907104
0.5874999761581421 0.4203124940395355
0.5874999761581421 0.41874998807907104
0.5843750238418579 0.4156250059604645
0.5843750238418579 0.4140625
0.5703125 0.4000000059604645
0.5687500238418579 0.4000000059604645
0.565625011920929 0.3968749940395355
0.5640624761581421 0.3968749940395355
0.5625 0.39531248807907104
0.5609375238418579 0.39531248807907104
0.5546875 0.3890624940395355
0.5546875 0.38749998807907104
0.5484374761581421 0.3812499940395355
0.5484374761581421 0.37968748807907104
0.535937488079071 0.3671875
0.535937488079071 0.3656249940395355
0.53125 0.3609375059604645
0.53125 0.359375
0.5296875238418579 0.3578124940395355
0.5296875238418579 0.35624998807907104
0.528124988079071 0.35468751192092896
0.528124988079071 0.3531250059604645
0.526562511920929 0.3515625
0.526562511920929 0.3499999940395355
0.5249999761581421 0.34843748807907104
0.5249999761581421 0.3453125059604645
0.5234375 0.34375
0.5234375 0.3421874940395355
0.5218750238418579 0.34062498807907104
0.5218750238418579 0.33906251192092896
0.520312488079071 0.3375000059604645
0.520312488079071 0.3359375
0.518750011920929 0.3343749940395355
0.518750011920929 0.33281248807907104
0.5062500238418579 0.3203125
0.504687488079071 0.3203125
0.5 0.31562501192092896
0.4984374940395355 0.31562501192092896
0.484375 0.30156248807907104
0.484375 0.30000001192092896
0.48124998807907104 0.296875
0.48124998807907104 0.2953124940395355
0.46875 0.2828125059604645
0.4671874940395355 0.2828125059604645
0.46562498807907104 0.28125
0.46406251192092896 0.28125
0.4625000059604645 0.2796874940395355
0.4609375 0.2796874940395355
0.45781248807907104 0.27656251192092896
0.45781248807907104 0.2718749940395355
