2-subalongado
0.692187488079071 0.3531250059604645
0.692187488079071 0.3578124940395355
0.6890624761581421 0.3609375059604645
0.6875 0.3609375059604645
0.6859375238418579 0.36250001192092896
0.684374988079071 0.36250001192092896
0.682812511920929 0.36406248807907104
0.6812499761581421 0.36406248807907104
0.6781250238418579 0.3671875
0.676562488079071 0.3671875
0.675000011920929 0.3687500059604645
0.6734374761581421 0.3687500059604645
0.6703125238418579 0.37187498807907104
0.668749988079071 0.37187498807907104
0.667187511920929 0.3734374940395355
0.6656249761581421 0.3734374940395355
0.6640625 0.375
0.6625000238418579 0.375
0.660937488079071 0.3765625059604645
0.659375011920929 0.3765625059604645
0.65625 0.37968748807907104
0.6546875238418579 0.37968748807907104
0.651562511920929 0.3828125
0.6499999761581421 0.3828125
0.6484375 0.3843750059604645
0.6468750238418579 0.3843750059604645
0.645312488079071 0.38593751192092896
0.643750011920929 0.38593751192092896
0.6421874761581421 0.38749998807907104
0.640625 0.38749998807907104
0.6390625238418579 0.3890624940395355
0.637499988079071 0.3890624940395355
0.6343749761581421 0.3921875059604645
0.6328125 0.3921875059604645
0.629687488079071 0.39531248807907104
0.628125011920929 0.39531248807907104
0.6265624761581421 0.3968749940395355
0.625 0.3968749940395355
0.621874988079071 0.4000000059604645
0.620312511920929 0.4000000059604645
0.6187499761581421 0.40156251192092896
0.6171875 0.40156251192092896
0.6156250238418579 0.40312498807907104
0.614062488079071 0.40312498807907104
0.6109374761581421 0.40625
0.6078125238418579 0.40625
0.604687511920929 0.40937501192092896
0.6031249761581421 0.40937501192092896
0.5953124761581421 0.41718751192092896
0.59375 0.41718751192092896
0.589062511920929 0.421875
0.5874999761581421 0.421875
0.5859375 0.4234375059604645
0.5843750238418579 0.4234375059604645
0.582812488079071 0.42500001192092896
0.581250011920929 0.42500001192092896
0.578125 0.4281249940395355
0.5765625238418579 0.4281249940395355
0.5718749761581421 0.43281251192092896
0.5703125 0.43281251192092896
0.565625011920929 0.4375
0.5640624761581421 0.4375
0.5625 0.4390625059604645
0.5609375238418579 0.4390625059604645
0.559374988079071 0.44062501192092896
0.557812511920929 0.44062501192092896
0.5546875 0.4437499940395355
0.5531250238418579 0.4437499940395355
0.5484374761581421 0.44843751192092896
0.546875 0.44843751192092896
0.534375011920929 0.4609375
0.528124988079071 0.4609375
0.528124988079071 0.4906249940395355
0.534375011920929 0.4906249940395355
0.5562499761581421 0.512499988079071
0.5562499761581421 0.5140625238418579
0.574999988079071 0.5328124761581421
0.5765625238418579 0.5328124761581421
0.582812488079071 0.5390625
0.5843750238418579 0.5390625
0.5859375 0.5406249761581421
0.5859375 0.542187511920929
0.590624988079071 0.546875
0.590624988079071 0.5484374761581421
0.598437488079071 0.5562499761581421
0.598437488079071 0.557812511920929
0.6000000238418579 0.559374988079071
0.6000000238418579 0.5609375238418579
0.604687511920929 0.565625011920929
0.604687511920929 0.567187488079071
0.606249988079071 0.5687500238418579
0.606249988079071 0.5703125
0.609375 0.573437511920929
0.609375 0.5765625238418579
0.612500011920929 0.5796874761581421
0.612500011920929 0.582812488079071
0.6156250238418579 0.5859375
0.6156250238418579 0.589062511920929
0.6171875 0.590624988079071
0.6171875 0.5921875238418579
0.6187499761581421 0.59375
0.6187499761581421 0.5953124761581421
0.620312511920929 0.596875011920929
0.620312511920929 0.6000000238418579
0.621874988079071 0.6015625
0.621874988079071 0.6031249761581421
0.625 0.606249988079071
0.625 0.6078125238418579
0.6265624761581421 0.609375
0.6265624761581421 0.6109374761581421
0.628125011920929 0.612500011920929
0.628125011920929 0.614062488079071
0.629687488079071 0.6156250238418579
0.629687488079071 0.6171875
0.6328125 0.620312511920929
0.6328125 0.621874988079071
0.6343749761581421 0.6234375238418579
0.6343749761581421 0.625
0.643750011920929 0.6343749761581421
0.645312488079071 0.6343749761581421
0.6484375 0.637499988079071
0.6499999761581421 0.637499988079071
0.65625 0.643750011920929
0.6578124761581421 0.643750011920929
0.660937488079071 0.6468750238418579
0.6625000238418579 0.6468750238418579
0.6640625 0.6484375
0.6656249761581421 0.6484375
0.667187511920929 0.6499999761581421
0.668749988079071 0.6499999761581421
0.671875 0.653124988079071
0.671875 0.6578124761581421
0.707812488079071 0.6578124761581421
0.707812488079071 0.653124988079071
0.7124999761581421 0.6484375
0.714062511920929 0.6484375
0.7171875238418579 0.645312488079071
0.71875 0.645312488079071
0.721875011920929 0.6421874761581421
0.723437488079071 0.6421874761581421
0.7281249761581421 0.637499988079071
0.729687511920929 0.637499988079071
0.7359374761581421 0.6312500238418579
0.737500011920929 0.6312500238418579
0.745312511920929 0.6234375238418579
0.746874988079071 0.6234375238418579
0.7484375238418579 0.621874988079071
0.7484375238418579 0.620312511920929
0.7515624761581421 0.6171875
0.7515624761581421 0.6156250238418579
0.754687488079071 0.612500011920929
0.754687488079071 0.6109374761581421
0.7578125 0.6078125238418579
0.7578125 0.606249988079071
0.760937511920929 0.6031249761581421
0.760937511920929 0.6015625
0.7734375 0.589062511920929
0.7734375 0.5874999761581421
0.7828124761581421 0.578125
0.7828124761581421 0.5765625238418579
0.7875000238418579 0.5718749761581421
0.7875000238418579 0.5703125
0.7906249761581421 0.567187488079071
0.7906249761581421 0.565625011920929
0.793749988079071 0.5625
0.793749988079071 0.5609375238418579
0.796875 0.557812511920929
0.796875 0.5562499761581421
0.7984374761581421 0.5546875
0.7984374761581421 0.5531250238418579
0.800000011920929 0.551562488079071
0.800000011920929 0.550000011920929
0.801562488079071 0.5484374761581421
0.801562488079071 0.546875
0.8046875 0.543749988079071
0.8046875 0.542187511920929
0.8062499761581421 0.5406249761581421
0.8062499761581421 0.5390625
0.807812511920929 0.5375000238418579
0.807812511920929 0.535937488079071
0.809374988079071 0.534375011920929
0.809374988079071 0.5328124761581421
0.815625011920929 0.526562511920929
0.8203125 0.526562511920929
0.8203125 0.5015624761581421
0.815625011920929 0.5015624761581421
0.8125 0.4984374940395355
0.8125 0.49531251192092896
0.8109375238418579 0.4937500059604645
0.8109375238418579 0.4921875
0.809374988079071 0.4906249940395355
0.809374988079071 0.48906248807907104
0.807812511920929 0.48750001192092896
0.807812511920929 0.4859375059604645
0.8062499761581421 0.484375
0.8062499761581421 0.4828124940395355
0.8046875 0.48124998807907104
0.8046875 0.47968751192092896
0.8031250238418579 0.4781250059604645
0.8031250238418579 0.4765625
0.800000011920929 0.47343748807907104
0.800000011920929 0.47187501192092896
0.7984374761581421 0.4703125059604645
0.7984374761581421 0.46875
0.7953125238418579 0.46562498807907104
0.7953125238418579 0.46406251192092896
0.793749988079071 0.4625000059604645
0.793749988079071 0.4609375
0.792187511920929 0.4593749940395355
0.792187511920929 0.45625001192092896
0.7906249761581421 0.4546875059604645
0.7906249761581421 0.4515624940395355
0.7890625 0.44999998807907104
0.7890625 0.44843751192092896
0.785937488079071 0.4453125
0.785937488079071 0.4437499940395355
0.784375011920929 0.44218748807907104
0.784375011920929 0.44062501192092896
0.7828124761581421 0.4390625059604645
0.7828124761581421 0.4375
0.78125 0.4359374940395355
0.78125 0.43437498807907104
0.7796875238418579 0.43281251192092896
0.7796875238418579 0.4312500059604645
0.776562511920929 0.4281249940395355
0.776562511920929 0.42656248807907104
0.7749999761581421 0.42500001192092896
0.7749999761581421 0.4234375059604645
0.7718750238418579 0.4203124940395355
0.7718750238418579 0.41874998807907104
0.770312488079071 0.41718751192092896
0.770312488079071 0.4156250059604645
0.7671874761581421 0.4124999940395355
0.7671874761581421 0.41093748807907104
0.765625 0.40937501192092896
0.765625 0.4078125059604645
0.760937511920929 0.40312498807907104
0.760937511920929 0.40156251192092896
0.7593749761581421 0.4000000059604645
0.7593749761581421 0.3984375
0.7578125 0.3968749940395355
0.7578125 0.39531248807907104
0.7562500238418579 0.39375001192092896
0.7562500238418579 0.390625
0.754687488079071 0.3890624940395355
0.754687488079071 0.38749998807907104
0.753125011920929 0.38593751192092896
0.753125011920929 0.3843750059604645
0.7515624761581421 0.3828125
0.7515624761581421 0.3812499940395355
0.7484375238418579 0.37812501192092896
0.7484375238418579 0.3765625059604645
0.746874988079071 0.375
0.746874988079071 0.3734374940395355
0.7437499761581421 0.37031251192092896
0.7437499761581421 0.3687500059604645
0.7421875 0.3671875
0.7421875 0.3656249940395355
0.739062488079071 0.36250001192092896
0.739062488079071 0.3609375059604645
0.737500011920929 0.359375
0.737500011920929 0.3531250059604645
