3
0.5640624761581421 0.3968749940395355
0.5640624761581421 0.40156251192092896
0.5609375238418579 0.4046874940395355
0.559374988079071 0.4046874940395355
0.557812511920929 0.40625
0.5546875 0.40625
0.5531250238418579 0.4078125059604645
0.551562488079071 0.4078125059604645
0.550000011920929 0.40937501192092896
0.5484374761581421 0.40937501192092896
0.546875 0.41093748807907104
0.5453125238418579 0.41093748807907104
0.543749988079071 0.4124999940395355
0.5406249761581421 0.4124999940395355
0.5390625 0.4140625
0.5375000238418579 0.4140625
0.535937488079071 0.4156250059604645
0.534375011920929 0.4156250059604645
0.5328124761581421 0.41718751192092896
0.5296875238418579 0.41718751192092896
0.528124988079071 0.41874998807907104
0.5234375 0.41874998807907104
0.5218750238418579 0.4203124940395355
0.518750011920929 0.4203124940395355
0.5171874761581421 0.421875
0.515625 0.421875
0.5140625238418579 0.4234375059604645
0.512499988079071 0.4234375059604645
0.510937511920929 0.42500001192092896
0.5078125 0.42500001192092896
0.5062500238418579 0.42656248807907104
0.504687488079071 0.42656248807907104
0.503125011920929 0.4281249940395355
0.5015624761581421 0.4281249940395355
0.5 0.4296875
0.49687498807907104 0.4296875
0.49531251192092896 0.4312500059604645
0.4921875 0.4312500059604645
0.4906249940395355 0.43281251192092896
0.48750001192092896 0.43281251192092896
0.4859375059604645 0.43437498807907104
0.484375 0.43437498807907104
0.4828124940395355 0.4359374940395355
0.47968751192092896 0.4359374940395355
0.4781250059604645 0.4375
0.4765625 0.4375
0.4749999940395355 0.4390625059604645
0.47343748807907104 0.4390625059604645
0.47187501192092896 0.44062501192092896
0.4703125059604645 0.44062501192092896
0.46875 0.44218748807907104
0.46562498807907104 0.44218748807907104
0.46406251192092896 0.4437499940395355
0.4625000059604645 0.4437499940395355
0.4609375 0.4453125
0.4593749940395355 0.4453125
0.45781248807907104 0.4468750059604645
0.45625001192092896 0.4468750059604645
0.4515624940395355 0.4515624940395355
0.44999998807907104 0.4515624940395355
0.4453125 0.45625001192092896
0.4437499940395355 0.45625001192092896
0.44062501192092896 0.4593749940395355
0.4390625059604645 0.4593749940395355
0.4359374940395355 0.4625000059604645
0.43437498807907104 0.4625000059604645
0.4312500059604645 0.46562498807907104
0.4296875 0.46562498807907104
0.4281249940395355 0.4671874940395355
0.42656248807907104 0.4671874940395355
0.4234375059604645 0.4703125059604645
0.421875 0.4703125059604645
0.4203124940395355 0.47187501192092896
0.4156250059604645 0.47187501192092896
0.4140625 0.47343748807907104
0.4078125059604645 0.47343748807907104
0.40625 0.4749999940395355
0.40312498807907104 0.4749999940395355
0.40156251192092896 0.4765625
0.3984375 0.4765625
0.3968749940395355 0.4781250059604645
0.3921875059604645 0.4781250059604645
0.390625 0.47968751192092896
0.38749998807907104 0.47968751192092896
0.38593751192092896 0.48124998807907104
0.3843750059604645 0.48124998807907104
0.3828125 0.4828124940395355
0.3812499940395355 0.4828124940395355
0.37812501192092896 0.4859375059604645
0.3765625059604645 0.4859375059604645
0.3734374940395355 0.48906248807907104
0.37187498807907104 0.48906248807907104
0.36250001192092896 0.4984374940395355
0.36250001192092896 0.5
0.35468751192092896 0.5078125
0.35468751192092896 0.5093749761581421
0.3499999940395355 0.5140625238418579
0.3499999940395355 0.515625
0.34687501192092896 0.518750011920929
0.34687501192092896 0.520312488079071
0.3421874940395355 0.5249999761581421
0.3421874940395355 0.526562511920929
0.34062498807907104 0.528124988079071
0.34062498807907104 0.5296875238418579
0.33906251192092896 0.53125
0.33906251192092896 0.534375011920929
0.3375000059604645 0.535937488079071
0.3375000059604645 0.559374988079071
0.3359375 0.5609375238418579
0.3359375 0.5625
0.33281248807907104 0.565625011920929
0.328125 0.565625011920929
0.328125 0.5843750238418579
0.33281248807907104 0.5843750238418579
0.3531250059604645 0.604687511920929
0.35468751192092896 0.604687511920929
0.3578124940395355 0.6078125238418579
0.359375 0.6078125238418579
0.3609375059604645 0.609375
0.36250001192092896 0.609375
0.36406248807907104 0.6109374761581421
0.3656249940395355 0.6109374761581421
0.3671875 0.612500011920929
0.3687500059604645 0.612500011920929
0.37187498807907104 0.6156250238418579
0.37187498807907104 0.620312511920929
0.3765625059604645 0.620312511920929
0.3765625059604645 0.6156250238418579
0.37968748807907104 0.612500011920929
0.3828125 0.612500011920929
0.3843750059604645 0.6109374761581421
0.38749998807907104 0.6109374761581421
0.3890624940395355 0.609375
0.3921875059604645 0.609375
0.39375001192092896 0.6078125238418579
0.3968749940395355 0.6078125238418579
0.3984375 0.606249988079071
0.4000000059604645 0.606249988079071
0.40156251192092896 0.604687511920929
0.40312498807907104 0.604687511920929
0.4046874940395355 0.6031249761581421
0.40625 0.6031249761581421
0.4078125059604645 0.6015625
0.40937501192092896 0.6015625
0.41093748807907104 0.6000000238418579
0.4124999940395355 0.6000000238418579
0.4140625 0.598437488079071
0.4156250059604645 0.598437488079071
0.41718751192092896 0.596875011920929
0.41874998807907104 0.596875011920929
0.4203124940395355 0.5953124761581421
0.421875 0.5953124761581421
0.4234375059604645 0.59375
0.42500001192092896 0.59375
0.42656248807907104 0.5921875238418579
0.4296875 0.5921875238418579
0.4312500059604645 0.590624988079071
0.43437498807907104 0.590624988079071
0.4359374940395355 0.589062511920929
0.4390625059604645 0.589062511920929
0.44062501192092896 0.5874999761581421
0.4437499940395355 0.5874999761581421
0.4453125 0.5859375
0.4468750059604645 0.5859375
0.44843751192092896 0.5843750238418579
0.44999998807907104 0.5843750238418579
0.4515624940395355 0.582812488079071
0.453125 0.582812488079071
0.4609375 0.574999988079071
0.4625000059604645 0.574999988079071
0.46406251192092896 0.573437511920929
0.46562498807907104 0.573437511920929
0.4671874940395355 0.5718749761581421
0.46875 0.5718749761581421
0.47187501192092896 0.5687500238418579
0.47343748807907104 0.5687500238418579
0.4749999940395355 0.567187488079071
0.4765625 0.567187488079071
0.4781250059604645 0.565625011920929
0.47968751192092896 0.565625011920929
0.48124998807907104 0.5640624761581421
0.4828124940395355 0.5640624761581421
0.484375 0.5625
0.4859375059604645 0.5625
0.48750001192092896 0.5609375238418579
0.4906249940395355 0.5609375238418579
0.4921875 0.559374988079071
0.4937500059604645 0.559374988079071
0.49531251192092896 0.557812511920929
0.4984374940395355 0.557812511920929
0.5 0.5562499761581421
0.503125011920929 0.5562499761581421
0.504687488079071 0.5546875
0.512499988079071 0.5546875
0.5140625238418579 0.5531250238418579
0.518750011920929 0.5531250238418579
0.520312488079071 0.551562488079071
0.5218750238418579 0.551562488079071
0.5249999761581421 0.5484374761581421
0.526562511920929 0.5484374761581421
0.528124988079071 0.546875
0.5296875238418579 0.546875
0.53125 0.5453125238418579
0.5328124761581421 0.5453125238418579
0.534375011920929 0.543749988079071
0.535937488079071 0.543749988079071
0.5375000238418579 0.542187511920929
0.5390625 0.542187511920929
0.5406249761581421 0.5406249761581421
0.543749988079071 0.5406249761581421
0.5453125238418579 0.5390625
0.546875 0.5390625
0.5484374761581421 0.5375000238418579
0.550000011920929 0.5375000238418579
0.551562488079071 0.535937488079071
0.5531250238418579 0.535937488079071
0.5546875 0.534375011920929
0.5562499761581421 0.534375011920929
0.5703125 0.520312488079071
0.5718749761581421 0.520312488079071
0.5874999761581421 0.504687488079071
0.589062511920929 0.504687488079071
0.590624988079071 0.503125011920929
0.5921875238418579 0.503125011920929
0.598437488079071 0.49687498807907104
0.598437488079071 0.49531251192092896
0.6000000238418579 0.4937500059604645
0.6000000238418579 0.48750001192092896
0.598437488079071 0.4859375059604645
0.598437488079071 0.484375
0.596875011920929 0.4828124940395355
0.596875011920929 0.47968751192092896
0.5953124761581421 0.4781250059604645
0.5953124761581421 0.47343748807907104
0.6000000238418579 0.46875
0.6031249761581421 0.46875
0.604687511920929 0.4671874940395355
0.6078125238418579 0.4671874940395355
0.609375 0.46562498807907104
0.6109374761581421 0.46562498807907104
0.612500011920929 0.46406251192092896
0.614062488079071 0.46406251192092896
0.6187499761581421 0.4593749940395355
0.620312511920929 0.4593749940395355
0.6234375238418579 0.45625001192092896
0.6265624761581421 0.45625001192092896
0.628125011920929 0.4546875059604645
0.6312500238418579 0.4546875059604645
0.6328125 0.453125
0.640625 0.453125
0.6421874761581421 0.4515624940395355
0.645312488079071 0.4515624940395355
0.6468750238418579 0.44999998807907104
0.6499999761581421 0.44999998807907104
0.651562511920929 0.44843751192092896
0.6546875238418579 0.44843751192092896
0.65625 0.4468750059604645
0.6578124761581421 0.4468750059604645
0.659375011920929 0.4453125
0.660937488079071 0.4453125
0.6640625 0.44218748807907104
0.6656249761581421 0.44218748807907104
0.6703125238418579 0.4375
0.676562488079071 0.4375
0.676562488079071 0.42656248807907104
0.671875 0.42656248807907104
0.6656249761581421 0.4203124940395355
0.6640625 0.4203124940395355
0.660937488079071 0.41718751192092896
0.659375011920929 0.41718751192092896
0.6578124761581421 0.4156250059604645
0.65625 0.4156250059604645
0.653124988079071 0.4124999940395355
0.651562511920929 0.4124999940395355
0.6484375 0.40937501192092896
0.6468750238418579 0.40937501192092896
0.643750011920929 0.40625
0.6421874761581421 0.40625
0.640625 0.4046874940395355
0.637499988079071 0.4046874940395355
0.6343749761581421 0.40156251192092896
0.6343749761581421 0.3968749940395355
