1-arredondado
0.3515625 0.40312498807907104
0.3515625 0.4078125059604645
0.34843748807907104 0.41093748807907104
0.34687501192092896 0.41093748807907104
0.3453125059604645 0.4124999940395355
0.3421874940395355 0.4124999940395355
0.34062498807907104 0.4140625
0.3375000059604645 0.4140625
0.3359375 0.4156250059604645
0.3343749940395355 0.4156250059604645
0.33281248807907104 0.41718751192092896
0.33125001192092896 0.41718751192092896
0.3296875059604645 0.41874998807907104
0.3265624940395355 0.41874998807907104
0.32343751192092896 0.421875
0.3218750059604645 0.421875
0.31718748807907104 0.42656248807907104
0.31562501192092896 0.42656248807907104
0.30937498807907104 0.43281251192092896
0.30781251192092896 0.43281251192092896
0.3046875 0.4359374940395355
0.3031249940395355 0.4359374940395355
0.30156248807907104 0.4375
0.30000001192092896 0.4375
0.2953124940395355 0.44218748807907104
0.29374998807907104 0.44218748807907104
0.2874999940395355 0.44843751192092896
0.2874999940395355 0.44999998807907104
0.28593748807907104 0.4515624940395355
0.28593748807907104 0.4546875059604645
0.28437501192092896 0.45625001192092896
0.28437501192092896 0.484375
0.2828125059604645 0.4859375059604645
0.2828125059604645 0.4921875
0.28125 0.4937500059604645
0.28125 0.49687498807907104
0.2796874940395355 0.4984374940395355
0.2796874940395355 0.5
0.27656251192092896 0.503125011920929
0.27656251192092896 0.504687488079071
0.2750000059604645 0.5062500238418579
0.2750000059604645 0.5078125
0.27031248807907104 0.512499988079071
0.27031248807907104 0.5140625238418579
0.2671875059604645 0.5171874761581421
0.2671875059604645 0.518750011920929
0.2640624940395355 0.5218750238418579
0.2640624940395355 0.5234375
0.26249998807907104 0.5249999761581421
0.26249998807907104 0.526562511920929
0.26093751192092896 0.528124988079071
0.26093751192092896 0.5296875238418579
0.2578125 0.5328124761581421
0.2578125 0.534375011920929
0.2515625059604645 0.5406249761581421
0.24687500298023224 0.5406249761581421
0.24687500298023224 0.6578124761581421
0.2515625059604645 0.6578124761581421
0.2734375 0.6796875
0.2750000059604645 0.6796875
0.2828125059604645 0.6875
0.28437501192092896 0.6875
0.2906250059604645 0.6937500238418579
0.29218751192092896 0.6937500238418579
0.3062500059604645 0.707812488079071
0.30781251192092896 0.707812488079071
0.3140625059604645 0.714062511920929
0.31562501192092896 0.714062511920929
0.31718748807907104 0.715624988079071
0.3203125 0.715624988079071
0.3218750059604645 0.7171875238418579
0.32499998807907104 0.7171875238418579
0.3265624940395355 0.71875
0.3296875059604645 0.71875
0.33125001192092896 0.7203124761581421
0.3343749940395355 0.7203124761581421
0.3375000059604645 0.723437488079071
0.33906251192092896 0.723437488079071
0.34062498807907104 0.7250000238418579
0.3421874940395355 0.7250000238418579
0.34375 0.7265625
0.3453125059604645 0.7265625
0.34843748807907104 0.729687511920929
0.3499999940395355 0.729687511920929
0.3531250059604645 0.7328125238418579
0.35468751192092896 0.7328125238418579
0.3578124940395355 0.7359374761581421
0.359375 0.7359374761581421
0.3609375059604645 0.737500011920929
0.36250001192092896 0.737500011920929
0.36406248807907104 0.739062488079071
0.3656249940395355 0.739062488079071
0.3671875 0.7406250238418579
0.3687500059604645 0.7406250238418579
0.37031251192092896 0.7421875
0.37187498807907104 0.7421875
0.3734374940395355 0.7437499761581421
0.375 0.7437499761581421
0.3765625059604645 0.745312511920929
0.37812501192092896 0.745312511920929
0.37968748807907104 0.746874988079071
0.3812499940395355 0.746874988079071
0.3828125 0.7484375238418579
0.38593751192092896 0.7484375238418579
0.38749998807907104 0.75
0.390625 0.75
0.3921875059604645 0.7515624761581421
0.39375001192092896 0.7515624761581421
0.39531248807907104 0.753125011920929
0.3984375 0.753125011920929
0.4000000059604645 0.754687488079071
0.4046874940395355 0.754687488079071
0.40625 0.7562500238418579
0.42500001192092896 0.7562500238418579
0.42656248807907104 0.7578125
0.4359374940395355 0.7578125
0.4375 0.7593749761581421
0.4375 0.7640625238418579
0.4468750059604645 0.7640625238418579
0.4468750059604645 0.7593749761581421
0.44843751192092896 0.7578125
0.45781248807907104 0.7578125
0.4593749940395355 0.7562500238418579
0.4703125059604645 0.7562500238418579
0.47187501192092896 0.754687488079071
0.47968751192092896 0.754687488079071
0.48124998807907104 0.753125011920929
0.503125011920929 0.753125011920929
0.504687488079071 0.7515624761581421
0.5062500238418579 0.7515624761581421
0.5078125 0.75
0.5093749761581421 0.75
0.5171874761581421 0.7421875
0.518750011920929 0.7421875
0.518750011920929 0.7406250238418579
0.5218750238418579 0.737500011920929
0.5234375 0.737500011920929
0.5296875238418579 0.731249988079071
0.53125 0.731249988079071
0.535937488079071 0.7265625
0.5375000238418579 0.7265625
0.5406249761581421 0.723437488079071
0.5406249761581421 0.721875011920929
0.5453125238418579 0.7171875238418579
0.5453125238418579 0.715624988079071
0.5484374761581421 0.7124999761581421
0.5484374761581421 0.7109375
0.550000011920929 0.7093750238418579
0.550000011920929 0.707812488079071
0.551562488079071 0.706250011920929
0.551562488079071 0.7046874761581421
0.5531250238418579 0.703125
0.5531250238418579 0.7015625238418579
0.5546875 0.699999988079071
0.5546875 0.6968749761581421
0.5562499761581421 0.6953125
0.5562499761581421 0.6937500238418579
0.557812511920929 0.692187488079071
0.557812511920929 0.6890624761581421
0.559374988079071 0.6875
0.559374988079071 0.6859375238418579
0.5609375238418579 0.684374988079071
0.5609375238418579 0.682812511920929
0.5625 0.6812499761581421
0.5625 0.6796875
0.5640624761581421 0.6781250238418579
0.5640624761581421 0.676562488079071
0.565625011920929 0.675000011920929
0.565625011920929 0.6734374761581421
0.567187488079071 0.671875
0.567187488079071 0.6703125238418579
0.5687500238418579 0.668749988079071
0.5687500238418579 0.6656249761581421
0.5703125 0.6640625
0.5703125 0.660937488079071
0.5718749761581421 0.659375011920929
0.5718749761581421 0.6578124761581421
0.573437511920929 0.65625
0.573437511920929 0.653124988079071
0.574999988079071 0.651562511920929
0.574999988079071 0.6499999761581421
0.5765625238418579 0.6484375
0.5765625238418579 0.6468750238418579
0.5796874761581421 0.643750011920929
0.5796874761581421 0.6421874761581421
0.581250011920929 0.640625
0.581250011920929 0.6390625238418579
0.582812488079071 0.637499988079071
0.582812488079071 0.6343749761581421
0.5843750238418579 0.6328125
0.5843750238418579 0.6312500238418579
0.5859375 0.629687488079071
0.5859375 0.628125011920929
0.5874999761581421 0.6265624761581421
0.5874999761581421 0.625
0.589062511920929 0.6234375238418579
0.589062511920929 0.6187499761581421
0.590624988079071 0.6171875
0.590624988079071 0.6109374761581421
0.5921875238418579 0.609375
0.5921875238418579 0.6031249761581421
0.59375 0.6015625
0.59375 0.5921875238418579
0.5953124761581421 0.590624988079071
0.5953124761581421 0.5859375
0.596875011920929 0.5843750238418579
0.6015625 0.5843750238418579
0.6015625 0.557812511920929
0.596875011920929 0.557812511920929
0.59375 0.5546875
0.59375 0.550000011920929
0.5921875238418579 0.5484374761581421
0.5921875238418579 0.546875
0.590624988079071 0.5453125238418579
0.590624988079071 0.5406249761581421
0.589062511920929 0.5390625
0.589062511920929 0.5375000238418579
0.5874999761581421 0.535937488079071
0.5874999761581421 0.534375011920929
0.5859375 0.5328124761581421
0.5859375 0.53125
0.5843750238418579 0.5296875238418579
0.5843750238418579 0.5249999761581421
0.582812488079071 0.5234375
0.582812488079071 0.520312488079071
0.581250011920929 0.518750011920929
0.581250011920929 0.5171874761581421
0.5796874761581421 0.515625
0.5796874761581421 0.5140625238418579
0.578125 0.512499988079071
0.578125 0.510937511920929
0.5765625238418579 0.5093749761581421
0.5765625238418579 0.5078125
0.573437511920929 0.504687488079071
0.573437511920929 0.503125011920929
0.5718749761581421 0.5015624761581421
0.5718749761581421 0.5
0.5609375238418579 0.48906248807907104
0.559374988079071 0.48906248807907104
0.551562488079071 0.48124998807907104
0.550000011920929 0.48124998807907104
0.5406249761581421 0.47187501192092896
0.5406249761581421 0.4703125059604645
0.5328124761581421 0.4625000059604645
0.5328124761581421 0.4609375
0.5296875238418579 0.45781248807907104
0.5296875238418579 0.45625001192092896
0.5249999761581421 0.4515624940395355
0.5249999761581421 0.44999998807907104
0.5171874761581421 0.44218748807907104
0.515625 0.44218748807907104
0.512499988079071 0.4390625059604645
0.510937511920929 0.4390625059604645
0.5078125 0.4359374940395355
0.5062500238418579 0.4359374940395355
0.503125011920929 0.43281251192092896
0.5015624761581421 0.43281251192092896
0.49687498807907104 0.4281249940395355
0.49531251192092896 0.4281249940395355
0.4921875 0.42500001192092896
0.4906249940395355 0.42500001192092896
0.48906248807907104 0.4234375059604645
0.48750001192092896 0.4234375059604645
0.484375 0.4203124940395355
0.4828124940395355 0.4203124940395355
0.47968751192092896 0.41718751192092896
0.4781250059604645 0.41718751192092896
0.4765625 0.4156250059604645
0.47343748807907104 0.4156250059604645
0.47187501192092896 0.4140625
0.4625000059604645 0.4140625
0.4609375 0.4124999940395355
0.45625001192092896 0.4124999940395355
0.4546875059604645 0.41093748807907104
0.44999998807907104 0.41093748807907104
0.4468750059604645 0.4078125059604645
0.4468750059604645 0.40312498807907104
