1-arredondado
0.3578124940395355 0.296875
0.3578124940395355 0.30156248807907104
0.35624998807907104 0.3031249940395355
0.35468751192092896 0.3031249940395355
0.3531250059604645 0.3046875
0.34687501192092896 0.3046875
0.3453125059604645 0.3062500059604645
0.33906251192092896 0.3062500059604645
0.3375000059604645 0.30781251192092896
0.3343749940395355 0.30781251192092896
0.33281248807907104 0.30937498807907104
0.3296875059604645 0.30937498807907104
0.328125 0.3109374940395355
0.32499998807907104 0.3109374940395355
0.32343751192092896 0.3125
0.31718748807907104 0.3125
0.31562501192092896 0.3140625059604645
0.3125 0.3140625059604645
0.3109374940395355 0.31562501192092896
0.30781251192092896 0.31562501192092896
0.3062500059604645 0.31718748807907104
0.3046875 0.31718748807907104
0.3031249940395355 0.3187499940395355
0.2984375059604645 0.3187499940395355
0.296875 0.3203125
0.29374998807907104 0.3203125
0.29218751192092896 0.3218750059604645
0.2890625 0.3218750059604645
0.2874999940395355 0.32343751192092896
0.28593748807907104 0.32343751192092896
0.28437501192092896 0.32499998807907104
0.2828125059604645 0.32499998807907104
0.28125 0.3265624940395355
0.2796874940395355 0.3265624940395355
0.27812498807907104 0.328125
0.2734375 0.328125
0.2718749940395355 0.3296875059604645
0.26249998807907104 0.3296875059604645
0.26093751192092896 0.33125001192092896
0.2578125 0.33125001192092896
0.2562499940395355 0.33281248807907104
0.25468748807907104 0.33281248807907104
0.25312501192092896 0.3343749940395355
0.2515625059604645 0.3343749940395355
0.25 0.3359375
0.24843749403953552 0.3359375
0.24687500298023224 0.3375000059604645
0.24375000596046448 0.3375000059604645
0.2421875 0.33906251192092896
0.24062499403953552 0.33906251192092896
0.23906250298023224 0.34062498807907104
0.23749999701976776 0.34062498807907104
0.23593750596046448 0.3421874940395355
0.23281249403953552 0.3421874940395355
0.23125000298023224 0.34375
0.22812500596046448 0.34375
0.2265625 0.3453125059604645
0.22187499701976776 0.3453125059604645
0.22031250596046448 0.34687501192092896
0.21875 0.34687501192092896
0.21718749403953552 0.34843748807907104
0.21250000596046448 0.34843748807907104
0.2109375 0.3499999940395355
0.19374999403953552 0.3499999940395355
0.19218750298023224 0.3515625
0.18906250596046448 0.3515625
0.1875 0.3531250059604645
0.18437500298023224 0.3531250059604645
0.18281249701976776 0.35468751192092896
0.18125000596046448 0.35468751192092896
0.1796875 0.35624998807907104
0.17656250298023224 0.35624998807907104
0.17343750596046448 0.359375
0.171875 0.359375
0.15781250596046448 0.3734374940395355
0.15625 0.37187498807907104
0.15312500298023224 0.37187498807907104
0.15156249701976776 0.37031251192092896
0.14687499403953552 0.37031251192092896
0.14531250298023224 0.3687500059604645
0.12656250596046448 0.3687500059604645
0.125 0.3671875
0.11874999850988388 0.3671875
0.1171875 0.3656249940395355
0.09375 0.3656249940395355
0.09218750149011612 0.3671875
0.09062500298023224 0.3671875
0.08906249701976776 0.3687500059604645
0.08749999850988388 0.3687500059604645
0.0859375 0.37031251192092896
0.08437500149011612 0.37031251192092896
0.08281250298023224 0.37187498807907104
0.08124999701976776 0.37187498807907104
0.07968749850988388 0.3734374940395355
0.078125 0.3734374940395355
0.07656250149011612 0.375
0.07500000298023224 0.375
0.07187499850988388 0.37812501192092896
0.06562499701976776 0.37812501192092896
0.06562499701976776 0.4234375059604645
0.07187499850988388 0.4234375059604645
0.07968749850988388 0.4312500059604645
0.07968749850988388 0.43281251192092896
0.08281250298023224 0.4359374940395355
0.08281250298023224 0.4375
0.0859375 0.44062501192092896
0.0859375 0.44218748807907104
0.08906249701976776 0.4453125
0.08906249701976776 0.44843751192092896
0.09062500298023224 0.44999998807907104
0.09062500298023224 0.45625001192092896
0.09218750149011612 0.45781248807907104
0.09218750149011612 0.4625000059604645
0.09375 0.46406251192092896
0.09375 0.4671874940395355
0.09531249850988388 0.46875
0.09531249850988388 0.47187501192092896
0.09687499701976776 0.47343748807907104
0.09687499701976776 0.4749999940395355
0.09843750298023224 0.4765625
0.09843750298023224 0.4781250059604645
0.10000000149011612 0.47968751192092896
0.10000000149011612 0.48124998807907104
0.1015625 0.4828124940395355
0.1015625 0.484375
0.10312499850988388 0.4859375059604645
0.10312499850988388 0.48750001192092896
0.10468749701976776 0.48906248807907104
0.10468749701976776 0.4906249940395355
0.10781250149011612 0.4937500059604645
0.10781250149011612 0.49531251192092896
0.11093749850988388 0.4984374940395355
0.11093749850988388 0.5
0.11249999701976776 0.5015624761581421
0.11249999701976776 0.503125011920929
0.11406250298023224 0.504687488079071
0.11406250298023224 0.5062500238418579
0.11562500149011612 0.5078125
0.11562500149011612 0.510937511920929
0.1171875 0.512499988079071
0.1171875 0.515625
0.11874999850988388 0.5171874761581421
0.11874999850988388 0.5218750238418579
0.12031249701976776 0.5234375
0.12031249701976776 0.526562511920929
0.12187500298023224 0.528124988079071
0.12187500298023224 0.5328124761581421
0.12343750149011612 0.534375011920929
0.12343750149011612 0.5406249761581421
0.125 0.542187511920929
0.125 0.5484374761581421
0.12656250596046448 0.550000011920929
0.12656250596046448 0.5546875
0.12812499701976776 0.5562499761581421
0.12812499701976776 0.559374988079071
0.12968750298023224 0.5609375238418579
0.12968750298023224 0.567187488079071
0.13124999403953552 0.5687500238418579
0.13124999403953552 0.5718749761581421
0.1328125 0.573437511920929
0.1328125 0.5765625238418579
0.13593749701976776 0.5796874761581421
0.13593749701976776 0.581250011920929
0.14218750596046448 0.5874999761581421
0.14374999701976776 0.5874999761581421
0.14531250298023224 0.589062511920929
0.14687499403953552 0.589062511920929
0.1484375 0.590624988079071
0.15937499701976776 0.590624988079071
0.16093750298023224 0.5921875238418579
0.16718749701976776 0.5921875238418579
0.16875000298023224 0.59375
0.17031249403953552 0.59375
0.17343750596046448 0.596875011920929
0.17499999701976776 0.596875011920929
0.19218750298023224 0.614062488079071
0.19374999403953552 0.614062488079071
0.19843749701976776 0.6187499761581421
0.20000000298023224 0.6187499761581421
0.203125 0.621874988079071
0.20468750596046448 0.621874988079071
0.20781250298023224 0.625
0.20937499403953552 0.625
0.21250000596046448 0.628125011920929
0.21406249701976776 0.628125011920929
0.21562500298023224 0.629687488079071
0.21718749403953552 0.629687488079071
0.22031250596046448 0.6328125
0.22187499701976776 0.6328125
0.22343750298023224 0.6343749761581421
0.22499999403953552 0.6343749761581421
0.2265625 0.635937511920929
0.22812500596046448 0.635937511920929
0.22968749701976776 0.637499988079071
0.23125000298023224 0.637499988079071
0.23281249403953552 0.6390625238418579
0.234375 0.6390625238418579
0.23593750596046448 0.640625
0.23749999701976776 0.640625
0.24375000596046448 0.6468750238418579
0.24531249701976776 0.6468750238418579
0.24687500298023224 0.6484375
0.24843749403953552 0.6484375
0.2515625059604645 0.651562511920929
0.2562499940395355 0.651562511920929
0.2578125 0.653124988079071
0.27031248807907104 0.653124988079071
0.2718749940395355 0.6546875238418579
0.27812498807907104 0.6546875238418579
0.2796874940395355 0.65625
0.33281248807907104 0.65625
0.3343749940395355 0.6546875238418579
0.3828125 0.6546875238418579
0.3843750059604645 0.65625
0.40312498807907104 0.65625
0.4046874940395355 0.6578124761581421
0.4281249940395355 0.6578124761581421
0.4296875 0.65625
0.43437498807907104 0.65625
0.4359374940395355 0.6546875238418579
0.44062501192092896 0.6546875238418579
0.44218748807907104 0.653124988079071
0.4453125 0.653124988079071
0.4468750059604645 0.651562511920929
0.44999998807907104 0.651562511920929
0.4515624940395355 0.6499999761581421
0.45625001192092896 0.6499999761581421
0.45781248807907104 0.6484375
0.46406251192092896 0.6484375
0.46562498807907104 0.6499999761581421
0.4703125059604645 0.6499999761581421
0.47187501192092896 0.651562511920929
0.47968751192092896 0.651562511920929
0.48124998807907104 0.653124988079071
0.49531251192092896 0.653124988079071
0.49687498807907104 0.651562511920929
0.4984374940395355 0.651562511920929
0.5 0.6499999761581421
0.504687488079071 0.6499999761581421
0.5062500238418579 0.6484375
0.5171874761581421 0.6484375
0.518750011920929 0.6468750238418579
0.5218750238418579 0.6468750238418579
0.5234375 0.645312488079071
0.5249999761581421 0.645312488079071
0.526562511920929 0.643750011920929
0.526562511920929 0.6421874761581421
0.528124988079071 0.640625
0.528124988079071 0.6390625238418579
0.5296875238418579 0.637499988079071
0.5296875238418579 0.635937511920929
0.53125 0.6343749761581421
0.53125 0.6312500238418579
0.5328124761581421 0.629687488079071
0.5328124761581421 0.6234375238418579
0.534375011920929 0.621874988079071
0.534375011920929 0.6156250238418579
0.5328124761581421 0.614062488079071
0.5328124761581421 0.609375
0.53125 0.6078125238418579
0.53125 0.5921875238418579
0.5328124761581421 0.590624988079071
0.5328124761581421 0.5843750238418579
0.534375011920929 0.582812488079071
0.534375011920929 0.574999988079071
0.535937488079071 0.573437511920929
0.535937488079071 0.567187488079071
0.5375000238418579 0.565625011920929
0.5375000238418579 0.5625
0.5390625 0.5609375238418579
0.5390625 0.559374988079071
0.5406249761581421 0.557812511920929
0.5406249761581421 0.5546875
0.542187511920929 0.5531250238418579
0.542187511920929 0.550000011920929
0.543749988079071 0.5484374761581421
0.543749988079071 0.546875
0.5453125238418579 0.5453125238418579
0.5453125238418579 0.542187511920929
0.546875 0.5406249761581421
0.546875 0.535937488079071
0.5484374761581421 0.534375011920929
0.5484374761581421 0.53125
0.550000011920929 0.5296875238418579
0.550000011920929 0.528124988079071
0.551562488079071 0.526562511920929
0.551562488079071 0.5234375
0.5531250238418579 0.5218750238418579
0.5531250238418579 0.5140625238418579
0.5546875 0.512499988079071
0.5546875 0.5015624761581421
0.5562499761581421 0.5
0.5562499761581421 0.4906249940395355
0.557812511920929 0.48906248807907104
0.5562499761581421 0.48750001192092896
0.5562499761581421 0.47343748807907104
0.5546875 0.47187501192092896
0.5546875 0.4625000059604645
0.5531250238418579 0.4609375
0.5531250238418579 0.45625001192092896
0.551562488079071 0.4546875059604645
0.551562488079071 0.4515624940395355
0.550000011920929 0.44999998807907104
0.550000011920929 0.4468750059604645
0.5484374761581421 0.4453125
0.5484374761581421 0.4437499940395355
0.546875 0.44218748807907104
0.546875 0.44062501192092896
0.5375000238418579 0.4312500059604645
0.5375000238418579 0.4296875
0.534375011920929 0.42656248807907104
0.534375011920929 0.42500001192092896
0.5328124761581421 0.4234375059604645
0.5328124761581421 0.421875
0.53125 0.4203124940395355
0.53125 0.41874998807907104
0.526562511920929 0.4140625
0.526562511920929 0.4124999940395355
0.5171874761581421 0.40312498807907104
0.515625 0.40312498807907104
0.512499988079071 0.4000000059604645
0.510937511920929 0.4000000059604645
0.5078125 0.3968749940395355
0.5062500238418579 0.3968749940395355
0.503125011920929 0.39375001192092896
0.5015624761581421 0.39375001192092896
0.5 0.3921875059604645
0.4984374940395355 0.3921875059604645
0.4906249940395355 0.3843750059604645
0.4906249940395355 0.3828125
0.48906248807907104 0.3812499940395355
0.48906248807907104 0.37968748807907104
0.48750001192092896 0.37812501192092896
0.48750001192092896 0.375
0.4859375059604645 0.3734374940395355
0.4859375059604645 0.37031251192092896
0.484375 0.3687500059604645
0.484375 0.36406248807907104
0.4828124940395355 0.36250001192092896
0.4828124940395355 0.3609375059604645
0.48124998807907104 0.359375
0.48124998807907104 0.3578124940395355
0.47968751192092896 0.35624998807907104
0.47968751192092896 0.35468751192092896
0.4781250059604645 0.3531250059604645
0.4781250059604645 0.3515625
0.4765625 0.3499999940395355
0.4765625 0.34843748807907104
0.4749999940395355 0.34687501192092896
0.4749999940395355 0.3453125059604645
0.4671874940395355 0.3375000059604645
0.46562498807907104 0.3375000059604645
0.45781248807907104 0.3296875059604645
0.45625001192092896 0.3296875059604645
0.4437499940395355 0.31718748807907104
0.44218748807907104 0.31718748807907104
0.4375 0.3125
0.4359374940395355 0.3125
0.42500001192092896 0.30156248807907104
0.42500001192092896 0.296875
