1-arredondado
0.30156248807907104 0.40937501192092896
0.30156248807907104 0.4140625
0.30000001192092896 0.4156250059604645
0.296875 0.4156250059604645
0.2953124940395355 0.41718751192092896
0.29218751192092896 0.41718751192092896
0.2906250059604645 0.41874998807907104
0.2890625 0.41874998807907104
0.2874999940395355 0.4203124940395355
0.28593748807907104 0.4203124940395355
0.28437501192092896 0.421875
0.2828125059604645 0.421875
0.2671875059604645 0.4375
0.265625 0.4375
0.26093751192092896 0.44218748807907104
0.2593750059604645 0.44218748807907104
0.2562499940395355 0.4453125
0.25468748807907104 0.4453125
0.23906250298023224 0.4609375
0.23749999701976776 0.4609375
0.22812500596046448 0.4703125059604645
0.22812500596046448 0.47187501192092896
0.22499999403953552 0.4749999940395355
0.22499999403953552 0.4765625
0.22343750298023224 0.4781250059604645
0.22343750298023224 0.48124998807907104
0.22187499701976776 0.4828124940395355
0.22187499701976776 0.48906248807907104
0.22031250596046448 0.4906249940395355
0.22031250596046448 0.4921875
0.21875 0.4937500059604645
0.21875 0.49687498807907104
0.21718749403953552 0.4984374940395355
0.21718749403953552 0.5
0.21562500298023224 0.5015624761581421
0.21562500298023224 0.503125011920929
0.21406249701976776 0.504687488079071
0.21406249701976776 0.5062500238418579
0.21250000596046448 0.5078125
0.21250000596046448 0.5093749761581421
0.20781250298023224 0.5140625238418579
0.203125 0.5140625238418579
0.203125 0.614062488079071
0.20781250298023224 0.614062488079071
0.20937499403953552 0.6156250238418579
0.2109375 0.6156250238418579
0.21406249701976776 0.6187499761581421
0.21718749403953552 0.6187499761581421
0.22187499701976776 0.6234375238418579
0.22343750298023224 0.6234375238418579
0.22499999403953552 0.625
0.2265625 0.625
0.23125000298023224 0.629687488079071
0.23125000298023224 0.6312500238418579
0.23281249403953552 0.6328125
0.234375 0.6328125
0.23593750596046448 0.6343749761581421
0.2421875 0.6343749761581421
0.24375000596046448 0.6328125
0.24687500298023224 0.6328125
0.24843749403953552 0.6343749761581421
0.2515625059604645 0.6343749761581421
0.25312501192092896 0.635937511920929
0.2562499940395355 0.635937511920929
0.2578125 0.637499988079071
0.26093751192092896 0.637499988079071
0.26249998807907104 0.6390625238418579
0.2640624940395355 0.6390625238418579
0.265625 0.640625
0.26875001192092896 0.640625
0.27031248807907104 0.6421874761581421
0.2734375 0.6421874761581421
0.2750000059604645 0.643750011920929
0.2796874940395355 0.643750011920929
0.28125 0.645312488079071
0.28593748807907104 0.645312488079071
0.2874999940395355 0.6468750238418579
0.29218751192092896 0.6468750238418579
0.29374998807907104 0.6484375
0.2984375059604645 0.6484375
0.30000001192092896 0.6499999761581421
0.30156248807907104 0.6499999761581421
0.3046875 0.653124988079071
0.3046875 0.6578124761581421
0.34843748807907104 0.6578124761581421
0.34843748807907104 0.653124988079071
0.3499999940395355 0.651562511920929
0.3515625 0.651562511920929
0.3531250059604645 0.6499999761581421
0.35624998807907104 0.6499999761581421
0.3578124940395355 0.6484375
0.3671875 0.6484375
0.3687500059604645 0.6468750238418579
0.37968748807907104 0.6468750238418579
0.3812499940395355 0.645312488079071
0.3921875059604645 0.645312488079071
0.39375001192092896 0.643750011920929
0.3968749940395355 0.643750011920929
0.4000000059604645 0.640625
0.40156251192092896 0.640625
0.4046874940395355 0.637499988079071
0.4078125059604645 0.637499988079071
0.40937501192092896 0.635937511920929
0.41093748807907104 0.635937511920929
0.4124999940395355 0.637499988079071
0.4203124940395355 0.637499988079071
0.421875 0.6390625238418579
0.4281249940395355 0.6390625238418579
0.4296875 0.640625
0.43281251192092896 0.640625
0.43437498807907104 0.6421874761581421
0.4453125 0.6421874761581421
0.4468750059604645 0.640625
0.45781248807907104 0.640625
0.4593749940395355 0.6421874761581421
0.484375 0.6421874761581421
0.4859375059604645 0.640625
0.48906248807907104 0.640625
0.4906249940395355 0.6390625238418579
0.4921875 0.6390625238418579
0.4937500059604645 0.637499988079071
0.49531251192092896 0.637499988079071
0.5093749761581421 0.6234375238418579
0.5093749761581421 0.621874988079071
0.512499988079071 0.6187499761581421
0.512499988079071 0.6171875
0.5234375 0.606249988079071
0.5234375 0.604687511920929
0.526562511920929 0.6015625
0.526562511920929 0.6000000238418579
0.528124988079071 0.598437488079071
0.528124988079071 0.5953124761581421
0.5296875238418579 0.59375
0.5296875238418579 0.590624988079071
0.53125 0.589062511920929
0.53125 0.5843750238418579
0.5328124761581421 0.582812488079071
0.5328124761581421 0.581250011920929
0.535937488079071 0.578125
0.535937488079071 0.5765625238418579
0.5390625 0.573437511920929
0.5390625 0.5718749761581421
0.543749988079071 0.567187488079071
0.543749988079071 0.565625011920929
0.5453125238418579 0.5640624761581421
0.5453125238418579 0.5625
0.5484374761581421 0.559374988079071
0.5484374761581421 0.557812511920929
0.551562488079071 0.5546875
0.551562488079071 0.5531250238418579
0.5546875 0.550000011920929
0.5546875 0.5484374761581421
0.559374988079071 0.543749988079071
0.559374988079071 0.542187511920929
0.5687500238418579 0.5328124761581421
0.5687500238418579 0.53125
0.5718749761581421 0.528124988079071
0.5765625238418579 0.528124988079071
0.5765625238418579 0.49531251192092896
0.5718749761581421 0.49531251192092896
0.5687500238418579 0.4921875
0.567187488079071 0.4921875
0.5609375238418579 0.4859375059604645
0.559374988079071 0.4859375059604645
0.5484374761581421 0.4749999940395355
0.546875 0.4749999940395355
0.542187511920929 0.4703125059604645
0.5406249761581421 0.4703125059604645
0.5390625 0.46875
0.5375000238418579 0.46875
0.534375011920929 0.46562498807907104
0.5328124761581421 0.46562498807907104
0.5296875238418579 0.4625000059604645
0.528124988079071 0.4625000059604645
0.5140625238418579 0.44843751192092896
0.5140625238418579 0.4468750059604645
0.503125011920929 0.4359374940395355
0.5015624761581421 0.4359374940395355
0.4984374940395355 0.43281251192092896
0.49687498807907104 0.43281251192092896
0.49531251192092896 0.4312500059604645
0.4906249940395355 0.4312500059604645
0.48906248807907104 0.4296875
0.48750001192092896 0.4312500059604645
0.47187501192092896 0.4312500059604645
0.4703125059604645 0.43281251192092896
0.46406251192092896 0.43281251192092896
0.4625000059604645 0.4312500059604645
0.4593749940395355 0.4312500059604645
0.45781248807907104 0.4296875
0.453125 0.4296875
0.4515624940395355 0.4281249940395355
0.4468750059604645 0.4281249940395355
0.4453125 0.42656248807907104
0.4437499940395355 0.42656248807907104
0.4375 0.4203124940395355
0.4359374940395355 0.4203124940395355
0.43281251192092896 0.41718751192092896
0.4312500059604645 0.41718751192092896
0.4281249940395355 0.4140625
0.4281249940395355 0.40937501192092896
